{
 "metadata": {
  "name": "",
  "signature": "sha256:0b5f68be234a363858a17f3dbbc999d14f67964508fd169d6d7aa0b32f7f6290"
 },
 "nbformat": 3,
 "nbformat_minor": 0,
 "worksheets": [
  {
   "cells": [
    {
     "cell_type": "code",
     "collapsed": false,
     "input": [
      "%pylab inline\n",
      "import csv"
     ],
     "language": "python",
     "metadata": {},
     "outputs": [
      {
       "output_type": "stream",
       "stream": "stdout",
       "text": [
        "Populating the interactive namespace from numpy and matplotlib\n"
       ]
      }
     ],
     "prompt_number": 85
    },
    {
     "cell_type": "code",
     "collapsed": false,
     "input": [
      "data = open('homicidios.1990.a.2013.csv', 'Ur')\n",
      "MatDatos = zeros((0,75))\n",
      "for line in data:\n",
      "    l = [i.strip() for i in line.split(',')]\n",
      "    MatDatos = vstack([MatDatos,l])\n"
     ],
     "language": "python",
     "metadata": {},
     "outputs": [],
     "prompt_number": 86
    },
    {
     "cell_type": "code",
     "collapsed": false,
     "input": [
      "cols = (8,11,14,17,20,23,26,29,32,35,38,41,44,47,50,53,56,59,62,65,68,71,74)\n",
      "for i in range(1123):\n",
      "    for j in cols:\n",
      "        if (MatDatos[i,j] == 'NA' or MatDatos[i,j] == '#DIV/0!' or MatDatos[i,j] == 'NaN'):\n",
      "            MatDatos[i,j] = 0"
     ],
     "language": "python",
     "metadata": {},
     "outputs": [],
     "prompt_number": 87
    },
    {
     "cell_type": "code",
     "collapsed": false,
     "input": [
      "MatTasas = zeros((1122,23))\n",
      "cols = (8,11,14,17,20,23,26,29,32,35,38,41,44,47,50,53,56,59,62,65,68,71,74)\n",
      "for j in range (23):\n",
      "    i = cols[j]\n",
      "    MatTasas[:,j] = MatDatos[1:, i]"
     ],
     "language": "python",
     "metadata": {},
     "outputs": [],
     "prompt_number": 88
    },
    {
     "cell_type": "code",
     "collapsed": false,
     "input": [
      "MatCov = zeros((23,23))\n",
      "for i in range (23):\n",
      "    for j in range (23):\n",
      "        suma = 0\n",
      "        for m in range (1122):\n",
      "            suma = suma + (MatTasas[m,i] - mean(MatTasas[:,i]))*(MatTasas[m,j] - mean(MatTasas[:,j]))\n",
      "        MatCov[i,j] = suma/(23-1)"
     ],
     "language": "python",
     "metadata": {},
     "outputs": [],
     "prompt_number": 89
    },
    {
     "cell_type": "code",
     "collapsed": false,
     "input": [
      "MatCov"
     ],
     "language": "python",
     "metadata": {},
     "outputs": [
      {
       "metadata": {},
       "output_type": "pyout",
       "prompt_number": 90,
       "text": [
        "array([[ 521958.866223  ,  407614.98490806,  320649.11470547,\n",
        "         248070.49548676,  177105.36419647,  167641.11376529,\n",
        "         180836.45984179,  151951.97192618,   87569.89989858,\n",
        "         104806.20596322,  110095.34840984,   86742.97791945,\n",
        "          75968.14244645,   73007.99545697,   64029.75700482,\n",
        "          54109.21421652,   47776.54554103,   41250.26901829,\n",
        "          34882.9817317 ,   35126.88808   ,   48688.50345247,\n",
        "          34667.34640908,   32885.56072973],\n",
        "       [ 407614.98490806,  409627.80968742,  317207.8025982 ,\n",
        "         246671.99037832,  183182.60758833,  180761.12580289,\n",
        "         181695.83386765,  150266.45595627,   85574.53772306,\n",
        "          99212.57526069,  105044.763215  ,   81139.75036619,\n",
        "          73679.86362647,   65430.4748386 ,   62443.69027015,\n",
        "          50862.43436209,   45144.80152085,   35718.34321324,\n",
        "          30117.18849491,   30765.1085788 ,   43562.67402779,\n",
        "          30352.58558633,   31059.86339161],\n",
        "       [ 320649.11470547,  317207.8025982 ,  379552.78618927,\n",
        "         280426.55312564,  208767.36729077,  202758.43473688,\n",
        "         207113.36697446,  179161.30227539,  131079.8627601 ,\n",
        "         104431.72642721,  106099.35300035,   95274.53717838,\n",
        "          88647.74531496,   85168.36603903,   72750.27194033,\n",
        "          52671.30430516,   46150.53982111,   45519.64608316,\n",
        "          38693.03706344,   38285.98111884,   46930.74723203,\n",
        "          35734.78276099,   35201.72925069],\n",
        "       [ 248070.49548676,  246671.99037832,  280426.55312564,\n",
        "         296213.49335225,  204049.38267884,  188396.77565665,\n",
        "         192786.54515077,  158847.95640279,  102588.62663871,\n",
        "          96522.10198578,   96892.47139406,   89242.23735457,\n",
        "          72653.7233269 ,   78269.25596515,   75575.70453973,\n",
        "          58015.88007452,   48363.10594971,   44269.24611404,\n",
        "          40894.18542128,   41787.07195063,   50800.47985083,\n",
        "          36357.35528242,   36353.87822752],\n",
        "       [ 177105.36419647,  183182.60758833,  208767.36729077,\n",
        "         204049.38267884,  202686.34549283,  170347.16002507,\n",
        "         162112.92358554,  133607.42733272,   85379.3834323 ,\n",
        "          87242.77872691,   87951.76553095,   79555.10434346,\n",
        "          60899.45962142,   73481.13149357,   64363.83626457,\n",
        "          48013.74827748,   44919.4221283 ,   35765.20028897,\n",
        "          34924.96766198,   34307.6304007 ,   37245.43161117,\n",
        "          28380.82581427,   28526.22122222],\n",
        "       [ 167641.11376529,  180761.12580289,  202758.43473688,\n",
        "         188396.77565665,  170347.16002507,  258549.58157207,\n",
        "         207752.32436658,  161497.0802839 ,  101389.03879077,\n",
        "          87050.97535053,   95448.18349141,   94812.8849332 ,\n",
        "          80420.60573617,   74858.93862045,   68173.0864167 ,\n",
        "          46957.45528618,   47635.62652582,   42230.99844415,\n",
        "          37529.8935499 ,   37990.89805016,   38651.42433754,\n",
        "          34681.57179612,   35270.63985673],\n",
        "       [ 180836.45984179,  181695.83386765,  207113.36697446,\n",
        "         192786.54515077,  162112.92358554,  207752.32436658,\n",
        "         290873.59951384,  211379.12671797,  109760.71967428,\n",
        "          93362.7301774 ,  121744.03561514,   99819.07916032,\n",
        "          97261.25373741,   84226.45554633,   71624.00733906,\n",
        "          54441.37684941,   54748.55931174,   42245.84441462,\n",
        "          36067.72762562,   39018.64550732,   39936.437553  ,\n",
        "          34507.18993961,   33215.52456166],\n",
        "       [ 151951.97192618,  150266.45595627,  179161.30227539,\n",
        "         158847.95640279,  133607.42733272,  161497.0802839 ,\n",
        "         211379.12671797,  270990.39764937,  105727.06733839,\n",
        "         104609.2374434 ,  140556.41028141,  111008.89250958,\n",
        "         115282.78454532,   87009.42529648,   65243.58671785,\n",
        "          52718.18669535,   48934.31051596,   29538.90531303,\n",
        "          30597.25474656,   32365.22937404,   28748.69525993,\n",
        "          29298.47753638,   23838.92967639],\n",
        "       [  87569.89989858,   85574.53772306,  131079.8627601 ,\n",
        "         102588.62663871,   85379.3834323 ,  101389.03879077,\n",
        "         109760.71967428,  105727.06733839,  348049.41789273,\n",
        "         128813.90280067,  136843.11182842,  135301.25228082,\n",
        "         114205.39774474,   82866.47228412,   68640.8985454 ,\n",
        "          48439.7177733 ,   44092.37663745,   42270.44558502,\n",
        "          27389.79355488,   40260.86960792,   29314.10941662,\n",
        "          29895.81031709,   24182.75967206],\n",
        "       [ 104806.20596322,   99212.57526069,  104431.72642721,\n",
        "          96522.10198578,   87242.77872691,   87050.97535053,\n",
        "          93362.7301774 ,  104609.2374434 ,  128813.90280067,\n",
        "         331470.45638274,  219258.1598541 ,  183549.20790095,\n",
        "         124205.92864318,  103756.42049335,   61656.6160641 ,\n",
        "          49002.83047801,   45336.22385954,   29836.73553792,\n",
        "          26070.125817  ,   27548.54200324,   32863.34224388,\n",
        "          28170.81071758,   26816.14249775],\n",
        "       [ 110095.34840984,  105044.763215  ,  106099.35300035,\n",
        "          96892.47139406,   87951.76553095,   95448.18349141,\n",
        "         121744.03561514,  140556.41028141,  136843.11182842,\n",
        "         219258.1598541 ,  387915.01147122,  241825.52952267,\n",
        "         178995.17000201,  125688.91703697,   81522.76027047,\n",
        "          69267.41652795,   55860.24231411,   40780.35632906,\n",
        "          34164.57855433,   33583.01855799,   44806.64479297,\n",
        "          36650.50508027,   32349.80231192],\n",
        "       [  86742.97791945,   81139.75036619,   95274.53717838,\n",
        "          89242.23735457,   79555.10434346,   94812.8849332 ,\n",
        "          99819.07916032,  111008.89250958,  135301.25228082,\n",
        "         183549.20790095,  241825.52952267,  485855.63785522,\n",
        "         209513.75073355,  125671.99621894,   96435.70923414,\n",
        "          67955.92317491,   63652.42841655,   46426.4396509 ,\n",
        "          29993.88482398,   31256.20591028,   43779.67580803,\n",
        "          33528.35454068,   32451.68351263],\n",
        "       [  75968.14244645,   73679.86362647,   88647.74531496,\n",
        "          72653.7233269 ,   60899.45962142,   80420.60573617,\n",
        "          97261.25373741,  115282.78454532,  114205.39774474,\n",
        "         124205.92864318,  178995.17000201,  209513.75073355,\n",
        "         373378.53583066,  179056.05559003,   92032.21990158,\n",
        "          68827.96452962,   53300.6339417 ,   48569.1099171 ,\n",
        "          35906.96806022,   28038.64815903,   39873.45735687,\n",
        "          28895.44181893,   31712.52450254],\n",
        "       [  73007.99545697,   65430.4748386 ,   85168.36603903,\n",
        "          78269.25596515,   73481.13149357,   74858.93862045,\n",
        "          84226.45554633,   87009.42529648,   82866.47228412,\n",
        "         103756.42049335,  125688.91703697,  125671.99621894,\n",
        "         179056.05559003,  230854.11719725,  104338.94062133,\n",
        "          82002.55664451,   74042.36162625,   60096.81700699,\n",
        "          48774.27798151,   42850.21878832,   39240.96682037,\n",
        "          34460.66418281,   34266.1153292 ],\n",
        "       [  64029.75700482,   62443.69027015,   72750.27194033,\n",
        "          75575.70453973,   64363.83626457,   68173.0864167 ,\n",
        "          71624.00733906,   65243.58671785,   68640.8985454 ,\n",
        "          61656.6160641 ,   81522.76027047,   96435.70923414,\n",
        "          92032.21990158,  104338.94062133,  137259.21499182,\n",
        "          79725.05897895,   66692.29044326,   58786.25688391,\n",
        "          49266.39455039,   42972.24775842,   43475.5535183 ,\n",
        "          40790.53632476,   38643.47163675],\n",
        "       [  54109.21421652,   50862.43436209,   52671.30430516,\n",
        "          58015.88007452,   48013.74827748,   46957.45528618,\n",
        "          54441.37684941,   52718.18669535,   48439.7177733 ,\n",
        "          49002.83047801,   69267.41652795,   67955.92317491,\n",
        "          68827.96452962,   82002.55664451,   79725.05897895,\n",
        "         117062.42272946,   71960.06835911,   56179.41554442,\n",
        "          43833.04032318,   42163.12934403,   40830.53345139,\n",
        "          37809.06149373,   34030.99241671],\n",
        "       [  47776.54554103,   45144.80152085,   46150.53982111,\n",
        "          48363.10594971,   44919.4221283 ,   47635.62652582,\n",
        "          54748.55931174,   48934.31051596,   44092.37663745,\n",
        "          45336.22385954,   55860.24231411,   63652.42841655,\n",
        "          53300.6339417 ,   74042.36162625,   66692.29044326,\n",
        "          71960.06835911,  108644.6513482 ,   58293.96014445,\n",
        "          43924.12422314,   40953.40982637,   38422.46682657,\n",
        "          35957.75460893,   36895.99151028],\n",
        "       [  41250.26901829,   35718.34321324,   45519.64608316,\n",
        "          44269.24611404,   35765.20028897,   42230.99844415,\n",
        "          42245.84441462,   29538.90531303,   42270.44558502,\n",
        "          29836.73553792,   40780.35632906,   46426.4396509 ,\n",
        "          48569.1099171 ,   60096.81700699,   58786.25688391,\n",
        "          56179.41554442,   58293.96014445,   83977.29849622,\n",
        "          46283.63648212,   40352.02747645,   44721.37416837,\n",
        "          35003.96141941,   32197.64345137],\n",
        "       [  34882.9817317 ,   30117.18849491,   38693.03706344,\n",
        "          40894.18542128,   34924.96766198,   37529.8935499 ,\n",
        "          36067.72762562,   30597.25474656,   27389.79355488,\n",
        "          26070.125817  ,   34164.57855433,   29993.88482398,\n",
        "          35906.96806022,   48774.27798151,   49266.39455039,\n",
        "          43833.04032318,   43924.12422314,   46283.63648212,\n",
        "          57712.18202057,   37621.41211157,   33521.74099449,\n",
        "          31926.01697816,   28507.00986086],\n",
        "       [  35126.88808   ,   30765.1085788 ,   38285.98111884,\n",
        "          41787.07195063,   34307.6304007 ,   37990.89805016,\n",
        "          39018.64550732,   32365.22937404,   40260.86960792,\n",
        "          27548.54200324,   33583.01855799,   31256.20591028,\n",
        "          28038.64815903,   42850.21878832,   42972.24775842,\n",
        "          42163.12934403,   40953.40982637,   40352.02747645,\n",
        "          37621.41211157,   57017.21093464,   34219.69177015,\n",
        "          32371.53429917,   26584.29705684],\n",
        "       [  48688.50345247,   43562.67402779,   46930.74723203,\n",
        "          50800.47985083,   37245.43161117,   38651.42433754,\n",
        "          39936.437553  ,   28748.69525993,   29314.10941662,\n",
        "          32863.34224388,   44806.64479297,   43779.67580803,\n",
        "          39873.45735687,   39240.96682037,   43475.5535183 ,\n",
        "          40830.53345139,   38422.46682657,   44721.37416837,\n",
        "          33521.74099449,   34219.69177015,   73300.47489629,\n",
        "          33385.74524018,   34797.47771976],\n",
        "       [  34667.34640908,   30352.58558633,   35734.78276099,\n",
        "          36357.35528242,   28380.82581427,   34681.57179612,\n",
        "          34507.18993961,   29298.47753638,   29895.81031709,\n",
        "          28170.81071758,   36650.50508027,   33528.35454068,\n",
        "          28895.44181893,   34460.66418281,   40790.53632476,\n",
        "          37809.06149373,   35957.75460893,   35003.96141941,\n",
        "          31926.01697816,   32371.53429917,   33385.74524018,\n",
        "          55104.22958457,   31712.85759068],\n",
        "       [  32885.56072973,   31059.86339161,   35201.72925069,\n",
        "          36353.87822752,   28526.22122222,   35270.63985673,\n",
        "          33215.52456166,   23838.92967639,   24182.75967206,\n",
        "          26816.14249775,   32349.80231192,   32451.68351263,\n",
        "          31712.52450254,   34266.1153292 ,   38643.47163675,\n",
        "          34030.99241671,   36895.99151028,   32197.64345137,\n",
        "          28507.00986086,   26584.29705684,   34797.47771976,\n",
        "          31712.85759068,   50297.16508015]])"
       ]
      }
     ],
     "prompt_number": 90
    },
    {
     "cell_type": "code",
     "collapsed": false,
     "input": [
      "props = eig(MatCov)"
     ],
     "language": "python",
     "metadata": {},
     "outputs": [],
     "prompt_number": 92
    },
    {
     "cell_type": "code",
     "collapsed": false,
     "input": [
      "plot(props[1])"
     ],
     "language": "python",
     "metadata": {},
     "outputs": [
      {
       "metadata": {},
       "output_type": "pyout",
       "prompt_number": 93,
       "text": [
        "[<matplotlib.lines.Line2D at 0x3b962d0>,\n",
        " <matplotlib.lines.Line2D at 0x3b96450>,\n",
        " <matplotlib.lines.Line2D at 0x3b965d0>,\n",
        " <matplotlib.lines.Line2D at 0x3b96750>,\n",
        " <matplotlib.lines.Line2D at 0x3b968d0>,\n",
        " <matplotlib.lines.Line2D at 0x3b96a50>,\n",
        " <matplotlib.lines.Line2D at 0x3b96bd0>,\n",
        " <matplotlib.lines.Line2D at 0x3a95cd0>,\n",
        " <matplotlib.lines.Line2D at 0x3b96ed0>,\n",
        " <matplotlib.lines.Line2D at 0x3bb2090>,\n",
        " <matplotlib.lines.Line2D at 0x3bb2210>,\n",
        " <matplotlib.lines.Line2D at 0x3bb2390>,\n",
        " <matplotlib.lines.Line2D at 0x3bb2510>,\n",
        " <matplotlib.lines.Line2D at 0x3bb2690>,\n",
        " <matplotlib.lines.Line2D at 0x3b96e50>,\n",
        " <matplotlib.lines.Line2D at 0x3bb2990>,\n",
        " <matplotlib.lines.Line2D at 0x3bb2b10>,\n",
        " <matplotlib.lines.Line2D at 0x3bb2c90>,\n",
        " <matplotlib.lines.Line2D at 0x3bb2e10>,\n",
        " <matplotlib.lines.Line2D at 0x3bb2f90>,\n",
        " <matplotlib.lines.Line2D at 0x3ba6150>,\n",
        " <matplotlib.lines.Line2D at 0x3bb2910>,\n",
        " <matplotlib.lines.Line2D at 0x3ba6450>]"
       ]
      },
      {
       "metadata": {},
       "output_type": "display_data",
       "png": "iVBORw0KGgoAAAANSUhEUgAAAX0AAAD9CAYAAABQvqc9AAAABHNCSVQICAgIfAhkiAAAAAlwSFlz\nAAALEgAACxIB0t1+/AAAIABJREFUeJzsnXl80/X9x59pmqRp0/u+oKUHLfdRKEWEIk5ABXWi4D2d\n15RNf9Pp5tw85px4bh5TnOfUOZzO4TFBARG577stLaVX0vtK0uZOfn98mzZpkjalxZbxfT4ePLTJ\nN8kn1yvv7+t9fCQOh8OBiIiIiMg5QcBwL0BERERE5IdDFH0RERGRcwhR9EVERETOIUTRFxERETmH\nEEVfRERE5BxCFH0RERGRc4hBi/66devIyckhKyuLVatWeVzf1NTEokWLmDJlChMmTOCdd94Z7EOK\niIiIiJwmksHU6dtsNsaOHcuGDRtITk5mxowZfPjhh+Tm5nYf8+ijj2IymfjTn/5EU1MTY8eOpb6+\nnsDAwCF5AiIiIiIi/jOoSH/37t1kZmaSlpaGTCZjxYoVrF271u2YxMREtFotAFqtlujoaFHwRURE\nRIaJQamvWq0mNTW1+++UlBR27drldsxtt93GBRdcQFJSEjqdjo8++sjjfiQSyWCWISIiInLOMlCz\nZlCRvj9i/eSTTzJlyhQ0Gg0HDx7k7rvvRqfTeRzncDjEfw4HjzzyyLCvYaT8E18L8bUQX4u+/50O\ngxL95ORkqquru/+urq4mJSXF7Zjt27dz1VVXAZCRkUF6ejolJSWDeVgRERERkdNkUKKfl5dHaWkp\nFRUVmM1m1qxZw9KlS92OycnJYcOGDQDU19dTUlLCmDFjBvOwIiIiIiKnyaA8/cDAQF5++WUWLlyI\nzWbjpz/9Kbm5uaxevRqAO+64g4ceeoibb76ZyZMnY7fbefrpp4mKihqSxf8vUlhYONxLGDGIr0UP\n4mvRg/haDI5BlWwO2SIkktP2p0RERETOVU5HO8WOXBEREZFzCFH0RURERM4hRNEXEREROYcQRV9E\nRETkHEIUfREREZFzCFH0RURERM4hRNEXEREROYcQRV9ERETkHEIUfREREZFzCFH0RURERM4hRNEX\nEREROYcQRV9ERETkHEIUfREREZFzCFH0RQZE7Vu11P29briXISIicpqIoi8yINq3tlP/Qf1wL0NE\nROQ0EUVfZECY1Cbav2/HbrIP91JERhDP73ier09+PdzLEPEDUfRFBoRZbSZAHoB2h3a4lyIygvi2\n4lv21+4f7mWI+IEo+iIDwqQxEXt1LK0bW4d7KSIjCLVWTWNn43AvQ8QPRNEX8RubwYa9007c1XGi\n6Iu4odapaewQRf9sYNCiv27dOnJycsjKymLVqlVej9m8eTNTp05lwoQJ4qbGZzFmjRl5opyw88Lo\nONyBVWsd7iWJjAAsNgsNHQ1ipH+WEDiYG9tsNlauXMmGDRtITk5mxowZLF26lNzc3O5j2trauPvu\nu1m/fj0pKSk0NTUNetEiw4NJbUKRrECqlBI2K4y279qIWRIz3MsSGWZq9bUAYqR/ljAo0d+9ezeZ\nmZmkpaUBsGLFCtauXesm+v/4xz+48sorSUlJASAmxrtIPProo93/X1hYKJ4RjEBMahPyZDkAEQsi\naNsoiv7/IjabDalU6vfxGp2G2OBYGjoazuCqREBwTTZv3jyo+xiU6KvValJTU7v/TklJYdeuXW7H\nlJaWYrFYmD9/PjqdjnvuuYcbbrjB475cRV9kZGLWmFEkKQCIXBBJyU9LhnlFQ0dZ2S8ZM+YpAgLk\nw72UYcVisZCcnExZWRlhYWF+3UatVTMlYQrfV32Pw+FAIpH4/Xh2h4OAARx/rtM7IH7ssccGfB+D\n8vT9eXMtFgv79+/nv//9L+vXr+cPf/gDpaWlg3lYkWHCae8AhE4PxVRjwlxnHuZVDR6rVUtNzQt0\ndBwe7qUMO/X19TQ2NrJ161a/b6PWqcmKzkKChA5Lh9+326PVMm3fvtNZpsggGJToJycnU11d3f13\ndXV1t43jJDU1lYsuugilUkl0dDRz587l0KFDg3lYkWHCrDEjTxIiYYlUQkRhBK2bzv4qHqPxFABa\n7Z5hXsnwo9FoAPj222/9v41OQ3JoMrEhsQPy9XdotRzS6zne4f8PxWnz8cfw4otn/nHOAgYl+nl5\neZSWllJRUYHZbGbNmjUsXbrU7ZjLLruMrVu3YrPZ6OzsZNeuXYwbN25QixYZHlwjfRAsnv+F0k2D\noRyQoNOJoq/RaIiJiRmQb6zWqUkKTSI2OHZAFTz79XpiZDI+afwBEsBffAG9rOdzlUGJfmBgIC+/\n/DILFy5k3LhxLF++nNzcXFavXs3q1asByMnJYdGiRUyaNIn8/Hxuu+02UfTPUjxE/8JIWje04nA4\nhnFVg8doPEV4+Hmi6AO1tbUsWbKE4uJi2tvb/bqNWqsmOTSZuJC4AUX6+3U6Hho1ik9+iIq+vXtB\nrBwEBpnIBVi8eDGLFy92u+yOO+5w+/v+++/n/vvvH+xDiQwjDofDzd4BUI5V4rA6MJ40osxUDuPq\nBofRWE509FIqKh7BZutAKg0Z7iUNGxqNhrS0NPLz89myZQtLlizp/zY6DclhXfaOn5G+0W6nzGDg\njqQkVlVXU2YwkKk8Q58hvR6KikB+bifpnYgduSJ+YW2xEqAMQBrcU8onkUj+Jyweg+EUwcE5hIRM\nQK8/MNzLGVY0Gg1JSUnMnz/fb4vHzd7xM9I/oteTHRxMsFTKFTExZ9biOXAA4uLESL8LUfRF/MKk\nMblF+U6cFs/ZjNFYjlKZTmjojIElc48ehcrKM7ewYcAp+oWFhX4lc3UmHXaHnXBF+IA8/f16PdNU\nKgCujI3l4zMp+nv2wKJF0NgIZ7kVORSIoi/iF2a12c3PdxK5IJK2b9tw2M/OL5PDYcdorCAoKJ2w\nsBkD8/Wffx7+/Oczt7hhwCn6M2bMoLS0lNbWvn/Q1TrBz5dIJAOyd/brdEwLDQVgXng4p4xGKo3G\nQa/fK3v3wrx5IJFAZ+eZeYyzCFH0RxgH9Xq01pE306Z3EteJIlmBLEaG/pB+GFY1eMzmOqTSMKTS\nEEJDByj6Gg0MsjtypOEUfblcTkFBAVu2bOnzeLVWsHaAAXXlHtDrmdoV6csCArgsOvrMWTx79sCM\nGRAbK0T75zii6I8wbiku5h8NI6+d3Ze9A2e3xWM0nkKpHANAcHAOZnMdFoufz0WthkOHoJ9o+GzB\nZDLR3t7ePSpl/vz5/Vo8ziQu4HedvsVu52hHB5O7RB9gWWzsmRH91laoq4OcHIiJEX19RNEfUeis\nVg7p9Xzf1jbcS/HAae9YrVpsNveo3jmH52zEaDxFUFA6ABKJFJVqKnq9n12iajVMngwD6F4dydTV\n1ZGQkEBAgCAL/iRznfYO4LenX9TZyeigIFQu830WREZS1NmJ2mQ6/SfgjX37YOpUkErFSL8LUfT9\noLq9moq2ijP+ODu1WhIVCr73sz76h8SkMaFIUnDq1MNUVz/vdl1EYQTt28/OLRQNhvLuSB/wP5lr\nMEBHB1x55Yi1eN5+G+680//jndaOk+nTp1NeXk5zc7PP2zgrd8D/SN/V2nEiDwjg0uhoPh3qSHzv\nXsjLE/5fjPQBUfT94sXdL/LirjPfwr1Nq+XauDhMdjtVZyqpdZo4J2zq9fsxGsvdrpNFygjOCUa7\n8+zbQtE10gf8T+ZqNJCYCIWF8N13Z26Bg2DdOti40f/jNRoNiYmJ3X/LZDLOO++8Pn195wgGgFB5\nKBa7BYPF0OfjuCZxXTkjVTxOPx9E0e9CFH0/KGsp+0HGxm5rb2dOeDhzwsNHXLRvVpuRJ8nQ6w9h\nNHqWKZ6t9foGQ7mb6PudzNVoIClJEJSSEhhh75fDIfwWVVX5r3O1tbVukT7Qb+mmayJXIpEIXbn9\nWDyu5ZquXBQZyUG9ngbzEA7x27OnJ9IX7R1AFH2/KGspo76j/ow+htXhYJdWy+zwcM6PiBhRom+3\n2LE0W7CFVWO3mzEaqzyOOVtF3zWRCxAUNAabrQOzua7vG6rVkJwMCgXMnDnifP2SEmFpc+fCzp3+\n3aa3vQP9+/pqnbo7kQv026Bldzg45MXeAVBKpSyKiuI/QxWN19eDTgeZmcLfYqQPiKLfL3aH/QeJ\n9I/o9SQpFMTIZJwfHj6ikrnmOjOyOBkdhoNERl6AyVSDw+Hu3/e3heJILI+2202YzfUoFD2TYSUS\nCaGheeh0e/u+sTPSB6EGfIRZPN99JzhPBQWwY4d/t/Em+tOmTaOyspJGLxGy3WGnXl9PoqrHEuqv\nVr/MYCBaJiNSJvN6/bKhtHj27oXp04X6fBAj/S5E0e8HjU7T/eE+k2zTajmva9OKySoV1SYTzRbL\nGX1Mf3FunqLXHyQsbBYyWaRHJCxVSgmdGUr7Fs8zlJMnhSKXkYbRWIVCkYJE4j6Cyq9krjPShxEr\n+vPmwaxZg4v0AwMDmTNnDt95eX4NHQ2EB4WjCOzp3+gv0vdl7ThZHBXFLq12aD77e/f2+PkgRvpd\niKLfD2UtZUxNmEqzoRm748xVp2xrb+e88HAAAiUSZoWFsW2EWDzOxiy9/iAq1VQUilED8vWPHoXy\nchhpPWfO8Qu98SuZ6xrp5+fD8eOClTACcPr5c+a0MHVqGXv2gM3W/+28iT74tnhck7hO+ov0fSVx\nnYRIpSyIjOSzoRBn1yQuiJF+F6Lo90NZSxm5sbmEKcJo7vRdujZYXEUfECyeEST6QuXOAVSqKQQF\njcZk8uLr+2jSKikBu13QyZGEULkzxuNyZzK3z5HRrpF+UJBgI2zbdoZWOjDKygRHIzj4H9TV3UxS\nkvDD2x++RN9XMletdffzof+uXG/lmr1ZFhs7+HHLDod7uSaIkX4Xouj3Q1lLGaNCQolVhp0xX7/a\naMRgt5PtMlp2Tng4W0eI6Js1ZqSjtdjtZhSKVJ+RfvcWivXu1Rf7yqrgpgtw2WRtRGAwuJdrOpHL\nk5BIAjGZ+him5hrpw4iyeJx+vsXSQHv7Vi64oKZfi8dgMNDZ2UlUVJTHdVOnTkWtVtPQq1PctUbf\nSV8NWg6Ho99IH+DS6Gi2tLXRPphTw5oaQfhd9vAmKgra2vw77fkfRhT9fihrKSMmoIJghwZ1e9kZ\neYxtWi3nhYe77TmcHxbGYb2ezjP4Af373/+OxQ/v1KQ24Rhdiko1BYlEQlDQaK+iL5FKiJjnuYXi\ngZYtkLKTqqqRNZRNsHc8I30hmTvDdzLX4XCP9GHEif68eYLoBwQoKSz8qN9kbm1tLYmJiV73vZZK\npZx//vkeFo9Pe8eHp19lMqEICCChn7n2YYGBzIuI4Is+msL6xRnluz4fqRQiIqCl5fTv938AUfT7\noayljKQgK1FyKUdPnZkGrW3t7d1JXCfBUimTVCp2ac9Mw5PD4eCOO+5g//79/R5r1pixRhehUk0B\nICholFd7B7xbPNWOXSAzUFY9soay9W7McqXPZG5bm7Ahh6tNMWsWHD4sdOkOI04/f948MJsbiI+/\ngcTEf/Yr+r6sHSfe5vC4jmBw0lek74+142TQjVq9/fzuBYq+vij6feBwOChrKSNO1kFaXCHVLfto\na9s85I/T2893ciYtHr1ej9FoZIcf9XwmtQlzyDFCQ6cCoFB4j/ShZw6P0w9vbQVzrLA3aanmzFZA\nDZTejVmu9JnMVashKYlKo7GnkSg4WJjxsn37GVqtf5w6BRYLZGWBxdJIXNxyAgIqsNvL6Stwdkb6\nvvCWzHVtzHLSV6Tvj7XjZGl0NBtbW9Gf7pmua1OWK6KvP3jRX7duHTk5OWRlZbFq1Sqfx+3Zs4fA\nwED+/e9/D/YhfzDqO+oJlgWjcDSSFJYBqosoKbkdm63vNvOBoLNaKensZLqXL8OZTObW1wsC7K/o\nGzjqEul7T+QCBOcEYzfbMZYLYyQOHzdC3FFGKyZR0TRyRN9qbcPhsCCTxXi9XqjV3+fRjwAIfn5y\nMo9UVLCqyuV1GAEWj9PPl0iESF+hSCI2dhnXXLOmz33B+4v0J02aRH19PbW1tT23cZmw6aSvSL+/\nck1XomQyCsLC+O/pWDzekrjdCxQj/UGJvs1mY+XKlaxbt47jx4/z4YcfUlRU5PW4Bx98kEWLFp1V\nm2iXNpeSGZWJ2VxLYlg6OnsYKtVkKiufGLLH2KXTMTU0FEWA51txXng4O7VarGfgNWtoaCAmJoad\n/WT4rDor9sAOTJYagoNzAAgMjMThsGK1ev4gSSQSweLpKt3ccPQA4ZZcRoeno24bOaLvTOJ687AB\nZLIYZLIoDIYTnld2RfrFnZ1sdG2iGwFzeJzWDgievkwWS1zccmbMWNOnxdOf6EulUubOnetWr+/N\n3okIisBgMWCyek7LHEikD4MYt3zypGC9JSR4XidG+oMT/d27d5OZmUlaWhoymYwVK1awdu1aj+Ne\neuklli1bRmxs7GAe7genrKWMjMh0bLZOEsPG0NDRQFbWS9TW/g29/tCQPIY3P99JtExGqkLBIf3Q\ne+ENDQ0UFBSg1+vR9FFLadaYkc2sJiRkXHcTk0Qi6dPiiVzQ4+vvrNlFZlA+o6LiaTjDoywGQu/x\nC97wmczVaHAkJ1Pc2cmJzk4anRZPQYGwH+swth87Rd9uN2Oz6QkMjCQ8fA4hIY2cOFHs83b9iT64\nl24arUb0Zj3RwdFux0gkEmKCY2jqdBfWOrMZo93OKIXQyNXWBrfdBpdc4vvxLo+JYX1rK4aBWjy9\nm7JcESP9wYm+Wq0m1aUkKiUlBbVa7XHM2rVr+dnPfgbgM7J69NFHu//5uyHzmaastYy0sDjk8gTi\nQ+Kp76hHLk9gzJgnKSm5DYdj8JU1vvx8J2dqDk9DQwPx8fHMmjWrT4vHpDERMKG829px0mcy12UL\nxWL9TmYkziItNp7OgDpGyvBQo9G3n+/EZzJXraZ+1CikwIWRkWxyRvshITBpkv8tsENMZaXwe5OT\nI/j5MlkMEkkAEomU2NirCA9f47Na0R/Rd/X1NToNiapEAiSeEuKtQetAV5QvkUhYuxYmTBCE/8gR\n348XK5czTaVi/UA3qfGVxIWzPtLfvHmzm1aeDoMSfV8C7sq9997LU089hUQiweFw+LR3XJ9IYWHh\nYJY1ZJS1lDE6NByFIpF4VXx3nX5Cwk+RSkNQq18a1P3bXIas+eJMzeFpaGggLi6OgoKCPi0es9oM\nGWWoVFPdLvdVtgmgSFEgi5bRcbiDetkufpSbT4IqnpD4empqhvRpnDaCvdN3pO8zmavRUJKcTE5w\nMAsiI9ngKkrDaPE4o3yJxCn6cd3XjR69gvnz/8mxY96/f/6I/sSJE2lqakKj0XhN4jrxNophv17P\nWGM4y5fD/ffDBx/Ae+8JM9H6ci+vPB2Lx5efD2d9pF9YWDi8op+cnEy1S8dNdXU1KSkpbsfs27eP\nFStWkJ6ezieffMJdd93FZ599NpiH/cEoaykjNSQIuTyRuJA46vX1OBwOJBIJ2dmvU1n5BEZjxWnf\n/5GODhK7hqz54vyuCp6hzoU4Rb/fSF9twp5Y4hHpC/aO90gfhCqeovUnsEjbWDA1iwRVAvLI+hHT\noCXYO31H+irVNPT6Q9jtvXoZ1GqKo6LICQ7mwshINrqK/rx5w7apiqufbzY3IJf32KmhofmoVAb2\n7/ceWvsj+gEBAcybN49vv/3WaxLXSWyIe1euwwH/+YeU9y9NJT1dqGydN09oZFYqhYjfF1fExPBF\nczMmu58jUGw22L/ft+if5ZH+UDAo0c/Ly6O0tJSKigrMZjNr1qxh6dKlbseUl5dz6tQpTp06xbJl\ny3j11Vc9jhmJOMs1k5US5PJEVHIVEomEDotQhx0cnEVKyn2cOHHnaQtyX36+k1FBQSgCAig1DF3F\nEPSI/syZMzlw4ABmHzPMjbUdWELLUKkmuV0u2Du+O1YjF0Tyxe4dKBrzCVUFEK+KRxI6kkS/vN9I\nPzAwjKCgUXR2HnO/Qq2mJCSEscHBjAsOxmC3U+58f2bPFrboGwYfyzOJ2xPpSyQSTKbl6HT/9Lid\nXq/HYrEQ3scZpxOnxeMtievEtYKnshIWL4bDb0fy1n/MPPWUIPROEhKELWx9kaRQMD4kxP2HtS9K\nSiA+HiIjvV9/lkf6Q8GgRD8wMJCXX36ZhQsXMm7cOJYvX05ubi6rV69m9erVQ7XGYaGps4nAgECC\nJVrkcqF+2RntO0lNvR+TqZaGhn+c1mP05+c7OROlm07RDwsLIyMjg0OHvCemDZ0lyBxJSKXupXaC\nvdNHpD8/gm36gyTZ8wGID4nHqhgZou9w2DEaKwkKSuv3WI9krtUKjY0UBwQw8UMDzZ81u1s8oaEw\nfjx91keeAWpqhIh53DjhbyHSj3M7Ji1tBQkJazyCFOfmKf7Ytc5krrcRDE5ig2Np0Dfx0kvCSKKZ\nc2zIVh/gitlBHsfGxwsWT18MaNxyX34+iJE+ENj/IX2zePFiFi9e7HbZHXfc4fXYt99+2+f9GE4a\nUGYofV4/VBhOGQhKC+r3A17WUtZdrhkePhsQhKuho4GMqAwAAgJkjB37BkePLiEy8iK302l/2Nbe\nziNpaf0e50zm/rSP5pmBUl9fT3x8PEC3xTPDy5fFEHiUYNkkj8t9zd9xIouUUZp2nBzDEiwWC599\n+Bk6NGzaVMr48cdQqVSEhISgUqnc/l+pVPolPoPBbK4lMDAcqTS432OdydzExFuFC+rrITqaYoOB\n8PU22uqlXJgfyVfNzdzutEcKCwWLxxl2/wA4o3xn5W/vSB9g8uQplJRIUav3kpLS8177Y+04GT9+\nPO3t7ZSdKmNawTSvx1gbsnjrkTwyo4S9ZTTxWr6tCCHAy/vaX6QP8OOYGJ6orMRityPzUtrshq+m\nLCfOSN/hcB/RcA4xYjpy3/nb6h9k8/ED5x1Af7D/EkhX0XeL9HuVHYaFzSAu7lpOnvzlgNZRYzLR\n2WvImi/ORGeuM9IH+kzmWkKPERo+1eNyhSIJi6URu927LWSz26iNPcrEllwOHDjAs08+i8Nh43hZ\nI2+//TZ/+tOf+L//+z+uueYaLrjgAsaPH090dDRSqZTQ0FASEhLIzs7m2LFjXu9/MPiarukNj2Su\nRoNx1Cg0JhP2Q50YTxlZEBHBprY27M4IehiatFytHQCzudEj0pfJJJSVraC42N3i6a8b1xWnr1+8\nt9jD07dY4Ikn4IXbryC+YCNbtgiVRH2NX/BH9EcFBZERFMRmfwoa+irXBKFzWiIZmbv6/ECMGNHv\nbLIz/fU85r49l9f3vU6rYei33nNYHZjrzGi39T/PprSl1EP0XSt4XElP/wPt7VtpaVnv91q2tbcz\nOyzMr6h2XHAwrRYLtSbPhpfTwWq10tbWRnS0UGNdUFDgNZnrsDuwJZwgPGG6x3USSSByeSImk/dy\nnOKmYgJNcaSfklBcXMwF8y8gITSZ0MR41q5dy8aNG9m5cydHjx7l1KlTNDY2YjAYsFgsqNVqDhw4\nQFZWFkf9mQk8QPoav9CbkJDJdHYWY7d3efRqNaXjxzNNq8DaYsV4ykhqUBBRgYEcds7dmTNHiDiH\n6P3yh96i72zM6k1g4HKs1o/cOo0HEumD4OvXHql1s3eOHhUC7O3b4c0vDxJ63nvdZx19NWX5Y+9A\nVxVPf7aM2SzUgE71DFLcOMd9/REj+rGtMh674hD3z76fDeUbSPtLGj9e82P+XfRvr919p4O50QwO\naN/ef9Rc1lJGZmQmJlOtT0/fiVQaQnb2a5w4cSc2m3+NVL78fLPZ7OG5BkgknDeEvn5zczORkZFI\npVIAsrOzaW9vp65XyGVuNENmKWFRnqIPfZdt7qzZiaR2FjEVLRw/fJycnBwSQ+PRtPf9DZdKpYSF\nhZGYmEh6enr3uIihxJ/GrJ71KAkOHotef1C4QKOhOCODWZUyQmeGYig34HA4uNDV1w8LE0LcPX5s\nsD4E1NYKGjZxYs9lZrOnvQMwadJ4tNoItNqeGUEDFf3CwkL0J/RuidwHHoBrr4Uvv4QJWWFudfp9\njV/wJ9IHQfQ/bWzE1lfRxLFjkJYm5FX64hz39UeM6IdXy/jFkUpW/ngxtn9+xD22KkabLuWFbS+T\n9HwSt39+O1sqtwxq9ypznRlpmBTt9v4jfWc3rtXa0n2aHB8ST0On95n6UVELCQ+fw6lTv/drLd5E\n32q1kpeXxzfffONx/FBaPK7WDgin7Pn5+R4Wj77mJBK7HLk83uv99DWDZ1vlLsyn8smcKefItiPk\n5OSQHB6PRV7v9wZT8fHxZ0T0BxLpQ69krlpNSUoKueUBRM6PRBIgwdpi9azX/wFLN7/7Ds4/v8fP\nByHS723vgLDJ1zffLKe+fk33ZQMV/YT0BLBAU21T12MJ3v2ttwrOSVxIXHedfofNRqXRSG6w9/xJ\nQoJ/kX6GUkmSQtH3d6C/JK6TmBgx0h8JRFqk3Dk+hvPePsVVV4GhLZzD797C0V9tQv7WQbZ9nsnV\n76wk4al0frH2IY41HHe7vV4vjNzYvh0+/RReew0eewzuuguuvFI4477xEjP7DWG01dk4vqXvs4ey\nljJGhYZ1dTUKEbGvSN9JZuYLNDT8o9/9VfU2G8Vehqy98cYbHDlyhPLyco/bDGUFT2/RB+8Wj7bx\nAIFNuT7vp69k7taKnYwKyCfmR5GUnCghNzeXeFU8ESl1flfwnCnRH0ikD706czUaiqOjSSq2oZqq\nIig9COMpI/MjItje3t5TT+7D17fZOqivP71qL184h6y50rs5y0lcHBw7tpza2n91d5QPVPRr9bWo\nslXd3bl79kBmJnS5hUQqI9GZdVhsFg7p9YwPCfGZgI2P9y/SBz/GLffVlOVKbKwY6Y8E7I3B/HFM\nGt9Zmxi9uJ1nnoGNG4X9DrZ/lcpjFz3ALabDZO35nDfetDHpmYsI+0UhqROqCAkRPjw/+hHcdx+8\n+64wAsVmE6rnVqyAJ5+E3680c95lCvSjw/j1knZ+/GO8DqFqMbRgc9gIk5qQShNZulTY2Pvoznjq\n9b53z5LJYsjIeI6Skls9G3pc2KXVMkWlIsjli6DVannsscdYsmSJ2yRDJ9NDQyk1GAa3m1AX3aJf\nUCB4A+BZbsaYAAAgAElEQVS1SUuvP4DcMM7n/fiyd/RmPVW6k0yKn4xqnorq1moyMzOJ7+rKHQmi\nP5BI3y2Zq1ZTHBJCyHEzqikqgsYEYThlIFImIyc4mJ3O/Q/OP18Yx9Cr/6GtbTPl5Q8O1VMBPP18\nm60Dh8PmUWbrJCMjC4MhmbY24UdpoKKv1qpJnpjcPYdn0ya44IKe6wMkAUQpo2g2NPc7WdNfeweE\n0s1/Nzb2JMx7M5BIXxT9EUBrFMH2Rp7PzOSOEyewdEVMEgmkp8OyZYJwb/v3JDrWruLkykpuKrgU\nww0zeHv753R0CJtv79gB//kPrF4Njz8Od98NV10Fc+dClMNMVIacmTeHs+oGLRdcANddJ3w/P/9c\n2McVeip3amrq2LMnkZQUeOop+OqTOHYcqeeNNzy+y93ExV2LQpFIdfWzPp+qN2vn6aef5qKLLuLi\niy/28NYB5AEB5IWGsmMINlVpaGggTi4XRKmrOzo/P5/9+/e77aTV6TiCkom+7sbn/J29mr3EOSaT\nmy2nMaKRWEksAdoAEkIG1pUbHx/v9bUYDHa7CYulEYUipf+DuwgOHo/RWInVqsOh0VDTGUBAkxVl\nphJlurJ7jPQC1+7ciAhhqP1e94FtOt0+zOZ67yObT4P6emHS8+TJPZcJUX6szyKBWbPg+PEVNDT8\nE4fDMXDR16nJycvpjvR7iz707JV7oGuKrC/i4gT99afhNic4mIjAQO8bCxkMQmOW6wvhCzGRO0Kw\nS9E3lrE8NpYEuZwXew1uc0UigbTRUl665n4+u/ZTfvXtSn71za+w2Pre+s9cZ0aeKCdsdhide9pZ\nuRJOnICVKwUraPx4eOstKKovI9KeyZNP1pKUlMgrrwhdhes/iUcZ3cDHH0NGBrz4omfllzCi4TVq\nap6js7PU6zp6i351dTWvvvoqTzzxBImJiV4jfRi6OTwNDQ3EdXYKXYv/+Q8A4eHhpKWlcfjw4e7j\nzMpjqIKn+Lobn5M2d9bsJKR1FmPHQnFpMRmxGbRtauvuyq3y3dPlRkJCwpBH+kZjJQpFSrdl5w8B\nATJUqkno9fvRGAyMrQhANVGFRCrptncA92QueLV4hBn9FqzWodmyb8sWwbqUujwdb41ZrhQUwKef\nXk1T079pb2/p2h7S/5HHGp2GnJwcTCYTRUUV7N4tBE6uODdT6S/Sl8mEvLe/Y/OvjIjhry8eo+27\nXt+DQ4eE5HmQZwOYB2KkPzKQxhrRV1UikUj4a3Y2f6qqosqPVvbZqbPZf/t+ihqLmPvOXCrbfDcM\nmevMyBPkhOaF0nG0A5vBRmAgLF8unBm+8gp89BHc+VAZW/6TxYoVtUydmtjdwxGljKLTruXzLy18\n+qmQpxszBv70J3ANPoKC0hg9+mFKS+/yWIPN4WCnVstsl/ELDz/8MD/72c9ITU0lISHBZ3Q7VL5+\nfX098Y2N8MtfwrZt3Yt3tXgsllZs8lZUcWN93o8Q6Vd7VBvtUu/CXJ5PdjYUFxeTOz6X1g2txIfE\nYxlAV258fDwNDQ1DOnfIn+ma3ggNnYG+YRslMTHkV8pRTRWEzGnvAMwOC+NwRwdapwXnRfT1+n1I\npaGYTN5/2AeKdz/fe+WOk0mT4ODB0chk2RQXfzKgKB+ESD8lLIXCwkLeequISZM8C2Zig2PRdDRS\n0tnJxJCQPu9vIBbPjLcMbBxvofjWYmwGl5Gh/vr5IEb6w70AJ4FxDjpqhKguU6nknuRkflHm30bk\n0cHRfHbNZ1yZeyUz35jJ5yWfez3OXCuIvjRYSsj4EHR7e8pIJBKYP1+IgiTRZeTGZ7JtWy1ffplI\nSQnodIJXGRMcQ2NnI3l58O9/C3mHY8cE8f/d73oCiKSku2hv3+qxy9bRjg4S5HJiuzaH3r9/P19/\n/TUPPij4vImJiT5Ff1ZYGPv1ev+HT/mgoaGBuMpKWLhQCNG++gpwb9Lq6DhEQE0WiiTfkZNUGoJU\nGoLF4jpcy8HOmp00HMgXIv3iYibPn0zLuhbilHF0SvwXfaVSiVwup30IG9P8ma7pjdDQGRhObqV4\n/HjGnpSgmiKIvqu9o5RKmRUWxnfOs7G5c4XKgi7LzGyux2brJDQ0D7N56ES/d+Ovt8YsVwIDhfEI\nWu1ySko+8bsxy4lzwub8+fNZv97sYe2AEOkf1uvIVCpRSvs+q/K3Vr/5q2aiP2wnKEFO3YVKKh93\nCfD89fNBjPSHewFO5IkyjJqeU+MHRo2iqKODtX6+OQGSAO6ffT+fLv+UlV+t5P6v7/ewe5z2DkD4\neeFupZtGo+Dvf/UVjJtTyit/yOSKK2rp7ExkyhThFLq52bOCZ/x4eP99YdRKfT1kZwvJ5Lo6OUpl\nFp2d7lVGrtaOw+Hgvvvu49FHH+0+vXYmL71Ft2GBgYxVKtnrb82jDxpqa4mrr4cpU+Dyy7stHtdI\nX6c7ACUZKJIVfd5X72mb1dpqbDYHCuNooqIE0Z80fxLyJDnynXLarP5X78DQJ3ONxvJ+p2t6Iyxs\nBuaKgxRnZZF4woZqigqrw4FitAJTtQmHTXi/3CyeqCghIdW1+bxOt4/Q0GkoFEmYzYPPVTQ1QVWV\nZy9Sf5E+CL7+nj1XcfLkVhITvZfk+sI5YbOwsJCSkhTmz/f8rMYGx1JstPq1Ebo/kb6l2cKJ206Q\n+04uk8JCMf0yjto3a3u66/sbv+C2ODHSHxEEJYZi0vQY5IqAAF7NzuYXpaUD2hzZafcUNxW72T0O\nhwNTrQl5giD6YbPDupu06uuFRJTdDt9+C5V6IZErldZy552JTJokVBGNGweW1njqdJ4VPBkZ8Prr\nwthYZ9XQxo0X09HhPsrWVfS/+OIL6uvr+elPf9rzvBUKQkJCaGnx7vkOxaYqDTU1xE2YIBiqS5bA\nunVgNpObm0tzczMNDQ3otQewF2Ugi/U99hk8p23uqtlFdnA+OWOF/ROKiorIyckh6Y4kdG/osGOl\nqq6jzxnqrgy96J9epK9UZiOta6U4LhH5SQu3SiqJ3LqVBSVHCIiSYtIIJcALIiJ8+vo63T5UqunI\n5QlDEulv2SIM9QzsNUFLaMzqew5UQQF8910SOl0CUVEDa350TtiMj8/CYskhIeGUxzGxwbGcsgb6\ntT2iP6JfencpsVfFEjk/kkylkgqFhTGrxlByawmOVq0wznPCBJ+3t9lcii/ESH9kEJQcjbnOvRzx\ngshI5kZE8FhFxYDuy5vdY9MLPxzSUOFUM7xAiPSPHHEwaxZceCH84x9gkrRhsBiID4nv+mImcviw\ncIb+9dfQVBnHXQ/U+xyimJICf/6zkOR96KEn2b7dfe3btFrOCw/HYrHwq1/9imeeeYbAXt/a/pK5\ng23SamhpIW7OHOGPhATIzYXNm92atHRtB5C15SIJ6HtMRO+yzZ3qncSaZ5GdDXV1dSgUCqKjo4lb\nEYd2m5Z4ZTyyiHp8/KZ50FeO43QYaGOW3eFgr07H45VVtDXF0KqPpi05gCWpsZTl5zM3PJzjsVYO\nHhEykdNCQ6k1m3tGZrhsqqLX7yM0dDpyeeKQiL43Px98N2a5MmuWcHaq16ehUvnOg/XGarfS1NlE\nvCqerVslxMVVsGPHJo/jYkNiqSXUr43Q+7N36j+sR39YT/qTwvuWqVRSZjCQ8JMEpOFSGn+7XkhU\n9LEvxWuvCQUbgHAG1taGz23E/scZMaKvTI6A5nAsFnc1eC4jg3fr6jg8wH1ie9s9j3/8OLIEWXcZ\nmyJFgTkggOvmGXjiCaG8MyAATracJDMqE3BgNtdz7FgiY8cKY1SSkuCGK+KZtaCBK64QOhB9nSW+\n9hrExBj55z97WtXVJhN6m42xSiV/+9vfSElJ4eKLL/a4bV9CNyc8nG3t7XR0Oti1C/76V/jpT+Hq\nq+Gll4QZKH1Z/h0dHdisVlqmZvD8jucx28weFs/27d9jsJQR5Mjp93UWGrR67J1dNbuQ1ff4+Tk5\nwn1IQ6TEXxNPpC6S2LThq9X3pzFLZ7XyaWMjt5aUkLxjBzcUFaGz2Yg0JpGgVpKbH80NCQnEy+U8\nnp5O2tgwnttWztu1tUglEuZHRPRsmD53rtCuarV22TvTu2YWDY3oexvk6WsEgyvOkfM1NaEolSXY\nbB1+PWadvo7Y4FgCAwLZtAkKCgzd9fquRAfH0SaNYvIg7R2T2kTZPWXkvpeLVCkEbFldoi+RSBj7\n+lg63v0Oa5bvKjMQGjfXr+/apUsqFUpq/Y08/scYMaKvSFQQ0JaMwXDS7fI4uZwn0tO548QJ300Z\nfeC0expONVAiKem2e15+GbZrw3nlLi3XXddzvLNG32JpRioNZdcuOQUFwlyTI0cETz8lp56iop7R\n6a+84h40bNsmfIjffVfHjh3zurdMdQ5Z02q1PP744zz77LNea6l7J3MNBqGk/pVX4Dd3yunUyIjO\n6+DOO4X9OqZPh0svFarWLr9c+EJfdZVw/LFjPdvRtRpaeeGb54h12Lm04gle3PUiX5z4QrjR2rVg\nt1NQUMD27ZuRW9NRxPV/ai6MYhBeU4vNwsG6g2iL8xg7lm5rp/t53ZFIaFUoEcl1fpdtDqXoWyyt\nOBw2AgOjPK6rNBp5saaGhYcOkbRjB69qNEwMCeH7qVMpmjmTZzMyaAtIYcoJE6FT3IUsKyeCBxzx\nrKqu5u4TJ5gXEdFTrx8TA6mpmPdvwmbTExQ0pivSH9zZS0uL0Jcy3ctYJIul70Suk4ICOHmymVGj\nJtDc/KVfj6vWqruna27aBNddl8DmzZs9clB6aSSBllbCentPXvAl+g6Hg+JbiklemUzo9J7PYqZS\n2b2pkDJDSVxWFZp9yX1WeanVQv7jpFNezmFff8SIvjxRjqQ1BqPxpMd1tyYmIgHe8GF59Ed0cDSP\njX+MsNQwZqwuYNG1J3j1VQeXPhBGXKO7VeI6UlmhSGTHDuHLMWGCEEU7J22Gh8MLLwgf/H/9q2fC\nIMCqVcI+oAsXxuFwBPDQQ0LU5/TzV61axeLFi5kyxTM66ewEuz2Bjz+u5eabhbPW6GhhnMTBgzBz\nJixKCmfVf9s5cADefFO47sYb4Y03oKxMyBsuXSr8d8llNiJnfEXqL5eT/Ew6B776iliZjAMP1/Bo\n4aO8c/AdIfscHg5793Y1aR0hoDWn3yQuuG+mcrj+MOmR6ZQXhXWXa7qKvmqiihhpDHJZzbBE+s4o\nv/cPbaPZzNS9ezmo13NHUhKaggK+njyZe1JSyHQZfV0ujSLzpLW7cseJcowSVbWNXdOmUWMy8W5d\nHV+3tPSI0Lx56A/9C5VqGhKJZEg8/e+/Fywab46GP4lcED7XdXUacnJ+TEOD545a3tDoNCSFJtHc\nLPzoLF2aTEBAAKWl7j0pNQ4l6P2rvvNl72he1WBtszL6odFul6coFDRZLHR2RVrB+uNo7dnUv+v7\nc6JWC7PYNm7suuAc9vVHjOgHxAVgbwrziPRBmDL5WnY2D586RYOvVth+sNRbmDh+IpO+P8rWgw1k\nPfATIn9k9xi+VtbqPkd/xw7hy+Ua6btW70yYICR/H3hAsFguv1yIym+6yYFev5vLL99ASUknBw4I\nfn6mVsvq1at5+OEnOHRI2CD6oYfgsst65pds2ZJAeXkds2YJzWKtrYKA/+1vcOedcHlGODs72qCo\nCN55B372M/j1r7tLA1NTYcbiYmKv+TWmu0aRfvOjXDCmkCuqThHw4TQc1jiuuyaQ9h3L+L7ye+r0\ndd0WT2RkJPHxwZzaH+mX6LvO39ml3sWMxHyqqoTEdnFxMbm57rN7Ro8fjV1fNWyi783Pf7uujvkG\nA69nZvLj2FhCfUSnJYoQEk8pkee6V085G7TCAwP5dMIElkZHU28285EzkiwsRFf/PaGhQliuUAze\n0/fl5zscDo/9cX2Rn+9Ar9cwbtz1tLZuxGrtv9vbmcTdvFmoaJPLJd1bKLpSagZL+zFs9v59c2+R\nfueJTip+X0Hu33ORBLr/SEslEtKDgig3GqGlBUlDA6Pfu4iTD5zEXO9dH9RqITDqFn0x0h9+Pq77\nGHurgk6957AxgEkqFTclJHDfSc8fBX8w15oxBMs5uDMKzd48spLimL19NvpyPda2ngSya6Tf2jqO\nzk6hm37CBEH0nbtnuSKRwDXXCBp88iR0dMAHH+ziwIHzWbaslLa2KG79uY3DbR3ce8lTwN1MmJDM\ntdcKropCIXwgv/hC6AdYtSqRiRPruOMO4QxCoUAIhT7/HB5+mPPvuYfvi4pwXHKJYFSOHQtHjtB2\nxWJWb3uRgjcLmP/ufOwOO19f/zUH7t7Fuyt/xgdvRLJo4kFypozm4oth6yYVxoNXcPML76P/UY+v\nP2GCjCN7LMiT5P2+rjJZLHZ7Jzabnp01O0mX5ZOSIqy5d6QPMGbGGGw2NRXF3sXA4RB+4O67D0aN\ngp/8JIGvv64jL09Iti9bJuQw7rsP/vAHIY/x978L0yS2bBGqp3w1LXtL4todDl6rqeGLpUsZPXo0\nDz30kEfU6lyYhgQcwTaMQQfdrgpK72nQCpBIeCQ9ncKICG4tLuZvGg3MnYtOWk5oiFBbKZWG43BY\n/R7D7Q1ffr7N1k5AQBABAf13po4e3YbDoUAiSSEiYh5NTWv7vY1T9F1HLzi3UHTlYEcnKnMdzYb+\nW21jYoTAxtnT5rA6KL6xmLRH0wge6306pzOZy759MHUqoXkRJN6SSNk9nmcXdrswquKGG4QAzW5H\njPRHAn/Z9xcCI6FT49vrfCQtjS1tbWzyd5NkF8x1Zo6o5VxyCYQFB/HMj55hzYo1lCSX8PDzD3dv\n2lLWUkZWVBYmUy1Hj+Yxa5Yg6hMmCP54jNJz9ywn7e1CRLFhA2g0X+FwWPj0UyvJySc4VGskdG8V\nHbpN/Pe/v6K9Xbi/jz6CRx4RJoHm5MDeup2EhAZSW1wMzz8vtAunpQlXvvQSSCRk3HgjtoQEKo4d\ngw8/RH3LVVx7cxhp079nw98f4eGJK6n+v2qe/tHTjI8b77bGhhMnGDUlh5tuEmyp1+/6CTsMb5N+\n1XR0Ne3o9hYxdmw7h4rq/Yr0JRJJdzJ3l3oX4Xph/IJer6epqYlRo0a5HZ8YkYhkTBvl+90jsvJy\nYdelceMEYVcqhZ6JDRviiY6u59VXhZOZFSsEWyIxUSjBO3ECvvlGsLYefhiuvx5Gj4aLLxZ+DFwL\nnbwlcb9pbSVYryc0JISvv/4as9nMnDlzmDt3Lu+++y4dzo1RWlow2tIIGGdy30kLUCQrsDZb3TpE\nb05MpCA8nOdrarijvh5dlp3Q/xyH115D8uyzyC3hmIu39yjdAGhrE563t16k/kYwuNLYqCE4OInd\nuyEubjmNjWv6vY3T3nEV/fnz5/Ptt99221l2h4MDOh3xaLtHLPeFVCqc4ToD76qnqpCGSkm6y3en\nsDOZ69qUNfqR0ej26Wj63F3Mm5pApRLOpKOihMDgXI70B71H7rp167j33nux2Wzceuut3Z2lTj74\n4AOefvppHA4HoaGhvPrqq0ya5Lnnqt6sxxptc2vQ6o1KKuWlrCx+duIEh2fMQNHffpkumGvNbK2X\nc9nvei47b9R5xPw4hk1lm5j46kT+sugvtBvbSQxN5GR9LUeOXERBgXBsZKSQ8Dc0C7PCHQ6Hhzf8\nl7/ATTcJoiSXf4XJlM9tt2lJTv6Qp97+PcY3XubPqx4jP99HgrSzk18+u4x5u7XUHbcIpw2XXCKU\nFmVldQ9MlwBzjh1ja3s76Uold//3blLCUjj5gJroZ16Ga34P62YKt3GlqYkGrZZUF8vl+vPP57GD\nJp76bD+7f7KUQ5e+TfojUXzYeBxFUv+iD4KvX9t2lFpdLYbOcWRnQ0lJCVlZWd0btTiJV8VjS2mj\nTiOhXm3nX58G8MEHwlO9+mrBznL+0AovSTzNzfXk5Xm+3r7Q64WTon/+E37+c6HTesUKyM4uJzr6\nErdjX9VouEIi4bPkZMaPH8+zzz7Lk08+yZdffslbb73Fvffey7Jly7hr3jyC2hKImWpzH52t1SKp\nrkYRbcX07PsEW8uhupoLWltZeeutlN9yC3fffxuGiRJMT3yGcmY+qFTI60yYnvkJyu9ahXbunByh\ndLbrX1tGBkccDg53dHBYr6eos5NxISFcGh2NaVsEM2dKkXs5EfM1UtkbtbW1xMQksnMnzJ+/lBMn\n7uJE4wG+rdzN7dNv9/p6q7VqggxjaGjomW2Wnp5OUFAQJSUl5OTkUG40EhEYSKIi2G0zlb5wWjyq\nWh01L9aQtz+vz3LhTKWSQ3q9IPrLlwMgVUrJfj2b4puKiZgXQWCYIG9qNSR3FdEtWCBYPFNiYoTa\n/nOQQYm+zWZj5cqVbNiwgeTkZGbMmMHSpUvdfNwxY8awZcsWwsPDWbduHbfffrvX/Vh/PvPnVL+p\nYVSDBJvNgFTqfe/YpTExvFVXx6qqKn7vx6biTgxqMzvK5Ty70P3ymPNjmP3CbP5+xd+5/t/XExQY\nhN6sx2yu5cCBUc7PEyBE+6VFCoJlwbQaW4lS9lSBtLUJSdWDB4U2+M7OEnJz36Oq6mmmT/8M7eO/\nw+4IZe7cm70vUK+HJUs4NdVC8Pw8aosOCOU3PnDO4YnRHeBY4zHWLFuDIlABjz4qNAvMnSvYNfn5\nPTfasYOGqCimJyR0XySRSPjJlJ+wqfVt/vrS5cx68B4+CppBi2UjT6zW8uCjwXjZ4MuNoKDR7KrZ\nSl5SHqXfS8nL8+7nA6gk8agNDbTY5NyU1Uz0FbH87nfCWGxvScng4GBkMhlarZbw/hbifAyVYLdd\nc43wvqxdK4zbvv76U6xePYaFC4UBek0SI1va2rjBZGKvy/wZuVzOFVdcwRVXXIFGo+G9995j1TPP\nMF3+DLsdJSRW7mbSJAeSu+8W7jg1lSDjAxi+Lye4QAoFBSSmppIcEkLZwYO8KD/EgR0fsTMsnNBn\nnuG88HDkRysx/2g5VtWlnCgu5nBVFUfa2zlssXC4ooLm+nomaDRM0umYFBDAMm08R7JkPBsaxPb3\nx5Me18nqN7ZxSV0dKVqtUFNsMmGOP4E8vQr+eKVwmUwmnBYlJXn8V6NWk56exI4dsK/uOH88Ecru\nbedjQ8q8tHnkxHiW7Kp1aqoOZVBY6L5py8KFC3nuued4/fXXuydrSruGrvlDfDzUVtux/KaIzBcy\nUaT0HXBkKpV80tgozNx5tmeibeT8SKIuiuLUQ6fIelkIenqL/ptvwn3XxnpMQD1XGJTo7969m8zM\nTNK6xHfFihWsXbvW7cte4AyVEcb31tR431P1pik38Wzgs6S1ZWA0lhMSMt7rcQAvZmYybd8+romL\nI8vHjjy90VebyZktp/fsp7BZYWh3a5mfOp+nLnyK33/7eya9OonXp0Vy7FgUM2f2HOtM5saHCb6+\nq+i/9poQlI8aBfX1XxMZOZ+IiPkUFV1LoCwch+QDsse8zLPPBvK3v/VanFYLF19MR/JUmlRb2WPd\nh6HDgNFoJMjH1MDzw8P5q1rN5t338JdFfxEE38mttwpf7CVLhND50kuFy7dvpyE42GMDlRsn38jU\n1VN5fuVTBJ2q5ILMS8gN0LDr8F4yMy9l5Uq45x7hTMcbCsUo9mi+Jj9lDltLhHEWmzYJfr7FIvip\nhw/Dhx/Clxvj6bijHpXSwb1TGlj0Qf8JR2cy11/RdyUiQjj7uvFGO1u2VJKXl8Yrrwh5gdTf1zJ7\nfDyNNcU+h44lJSXx4IMPsj41FcPPA9g0uoxfXd/OvLzZzNut5LLva8iaFonyzhMYJy6Eu3v6Mi4s\nK2OD2cy15v2MSb2Q1KP/JPXwYa5PTCSzM4jisl38zZpAskLBpMxMJqlU3BISwiSVinSZjICKCigq\nwrynlF1/iuLqqfv55ZSTTN8ygUuvPMz3ISE8lJ/PKLOZS3U6lhgMJKs6kQU7hF88hUIQ/tpa4d/W\nrcKb0fV3TWszyglhfJMxm+N/PcitylR+nyvjjYoUNh74hJwf/dbj9dDoNBwpivWYt/PMM8+wYMEC\nHnzwQQLuuINpKhWa4NgBRfpH/trIpeNCiLu2/zOVTKWSMr0eR0cHHSlxGDubMFlNmGwmTL8xceDy\nA1T9t4rAcYF8czAWe2gIVe0S5s8fxc03g/lnscjPUU9/UKKvVqtJTU3t/jslJYVdvlpVgTfffNNr\nMxLA8396ngOGA5xc18DVM//DZZf5Fv1RQUH8etQo7j95krUTfc97d+KwOkBr4cJlnufDsmgZimQF\nHUc70Og1XDX+KhakL2D3l4+jSqhBIo8BhF+KCRMEnznuIqGCxxkJGY1CB+76rn3RW1q+IipqMYGB\noQQHj2PdhnrCR3+OvuVWPv5YGMzWbXW3tcGiRTBtGsWTbyKq+iOURiUZ2RnU19czevRojzWDkNiu\nMOgojJvGxVkXY7fYCZC5hF6XXCJkhi+7TJgbffvtQqTvcHiI/qjwUUxLnMba8q9YODuSsK91TI6c\nRMKsHaxefSl//KPgh65cCffe2yP+NpugHzU1o9lW